50912
45402
24459
26406
61352
54974
25596
25324
54756
35349
17878
50961
43542
31891
27509
60342
54133
50035
40080
21276
39599
45399
21166
61650
14411
35882
11387
20958
10592
47529
58391
58892
53056
51612
43719
61935
41674
3147
4232
24750
14198
51690
5099
41639
3590
23772
49399
33920
49334
20816
64587
55215
27507
45201
1352
27703
47089
64064
40478
10534
38945
14716
5731
39222
16174
39913
4983
30813
10942
62777
32011
20663
14677
28453
31332
65392
40977
5125
45571
44746
42907
62971
47233
63537
5738
64929
46980
8647
4980
15908
12922
54582
43159
24974
32549
62229
17768
62279
4943
56838
12865
8293
27292
31848
38424
55784
44637
23968
59585
1151
55555
43741
40031
47140
7805
30957
48337
12309
32147
31625
55383
26059
33729
12495
60075
57228
12275
12141
16551
47472
10389
2525
30581
40623
397
3816
17529
19563
26191
20995
39955
22507
42643
46855
59864
39943
22656
655
18101
46305
44182
5469
11640
57917
19846
52071
60868
8157
35814
26944
44571
7357
27177
60022
59387
22024
23576
56200
64268
7470
9562
4220
24274
57961
55142
32832
37485
10715
6222
47842
47506
2553
25546
57310
47442
43584
7815
6190
4264
43375
3080
30694
56547
38688
59538
49987
53773
17802
44554
64803
6399
59947
62351
24455
16624
5868
10038
35789
54804
5447
20149
26257
58345
10975
62131
23617
11569
40460
46969
17932
17997
51853
32955
1335
59016
22033
23561
17114
43673
14978
35175
52868
29645
19719
824
29882
27875
35976
49320
6622
15687
34256
28695
37871
56792
44596
40006
28987
62832
44031
38607
16552
20412
5805
20516
23719
27765
33663
40829
57912
59481
30346
49181
48065
35325
36933
49956
14923
35834
38090
59961
310
43267
32847
50679
20144
57021
5196
14095
22752
36529
13904
12679
23141
60130
13638
12691
29548
39542
61384
30885
3325
29679
50839
25254
27812
39642
58744
56817
32142
24505
25351
28714
967
59327
61793
19839
56499
59332
50881
10850
10119
22
14778
22770
8040
30323
33181
58864
43423
60973
40101
11522
37558
11517
35594
23479
51210
9005
40053
42581
34424
4151
17580
19301
7255
20328
55512
41740
961
50060
18690
18559
27563
64125
46391
19836
53657
35516
64413
27941
50269
17293
43295
25584
57623
1089
12485
10470
20549
16120
56196
28777
38945
44913
27284
1387
17699
56407
5679
31418
22605
55993
6632
1471
26317
7354
53931
65148
3489
1922
2470
14468
41194
42584
7807
54700
34627
10926
39739
12377
22652
28719
22676
22512
55881
29098
50007
22844
14207
21841
22013
9706
5433
23954
50755
36029
24405
56528
20634
63225
6388
5852
35676
55862
8402
26771
7748
18270
33292
54661
65410
13163
37650
19059
37738
62375
11221
6849
26269
37186
42104
62587
41058
42446
64663
17050
44149
12159
35703
38444
44250
30581
22730
42249
48511
45473
53004
65026
61712
21542
53557
6002
45159
24152
30980
33737
4309
30090
24147
8334
4464
8764
26231
5466
2175
51957
49515
39467
61690
46500
5394
15580
36928
15543
29225
52559
28345
5333
48667
7335
30365
33570
54707
20131
23421
29931
2636
59993
5859
47135
23167
570
13199
805
11235
26567
64740
57808
31341
46862
9216
1929
46739
13773
64346
29592
37602
48080
1392
30452
7986
41523
30381
10874
63728
42978
14128
39967
26435
48932
27147
47297
44480
21656
3518
16929
6850
10221
47364
27713
40393
44053
6135
46709
28889
54276
46106
22984
25491
33896
54940
2973
4693
48777
21248
40813
7438
14001
41435
16593
49924
62912
35688
65256
174
898
24856
22115
60764
56131
22437
26659
1509
40633
26918
57796
55827
64215
29837
2970
8877
28294
19858
26454
12152
58160
39489
13139
22054
8805
45522
39784
11980
55568
63458
28791
63120
18484
12133
44829
2014
4737
1620
41683
32545
28336
13879
63762
34212
25894
23175
65233
26737
13829
25821
40180
18598
63445
64507
32176
27789
26683
13948
20604
48734
38146
59499
4865
62947
54430
3175
65382
1784
45219
55768
39354
24215
12934
35279
56159
1288
4502
6237
43622
5110
49416
61452
22537
58656
21436
7561
29497
43029
45687
43615
44675
34148
9539
4900
14872
23001
46025
32814
50979
18307
14042
50078
26587
41441
2363
62748
54081
431
21455
26257
56147
57640
51919
13957
29770
62846
64580
53261
51677
25680
50298
38454
2171
60881
10494
60828
41618
36058
24360
64106
39156
59170
38283
10292
16472
6103
49372
56169
61448
61415
2735
13957
13919
10190
920
24407
37372
16599
43095
10073
10707
60878
64482
58626
44435
59202
7061
61431
64215
35848
35064
54973
40221
48611
584
38578
62973
4693
53785
61104
15340
55992
31623
9774
26340
17286
9588
11789
10076
2777
2285
61931
43938
10340
26267
43289
64980
28516
29273
22823
22568
21440
7061
61967
53614
53474
21195
8501
4046
8441
12517
23852
20275
51400
21079
46280
31390
9420
32291
36989
36618
29429
54910
4568
9002
32364
60931
53822
7117
62288
8007
62491
6380
46367
60890
20699
34353
48618
23787
54856
60042
21736
29196
12264
49247
14910
18183
47235
60017
35579
28143
32157
37745
3194
9091
14015
47022
39173
5883
21676
47933
2547
63678
24052
46073
5245
44147
22150
38929
40985
56223
56156
26428
36237
50638
23127
61782
16291
59294
38200
53300
26446
23425
42325
63286
12220
29675
30912
18659
24922
55048
16686
36026
1898
34364
19761
62682
37112
30785
3502
59139
60800
22766
43064
42688
20065
18297
64223
47499
43460
1919
46109
51582
59618
40130
29006
31389
33842
6552
21606
8432
51934
65128
20015
50785
59755
45594
23015
9504
5357
47529
382
35379
52676
40178
58220
21074
40356
8707
19570
27946
53909
21412
48243
1899
45496
54448
54985
56819
17306
21975
34721
29572
59025
46896
20936
18808
7326
57408
50929
41640
53122
43257
10237
16623
27076
8650
24514
61713
27687
2469
51481
49474
32527
35797
3385
2921
46264
17978
31083
24829
46618
49114
20401
10709
48965
39266
11481
58654
39690
59875
52257
25315
38690
3000
23910
41097
46136
3227
47791
51856
1546
35443
64909
3309
23066
57571
63457
37121
15539
39961
40723
16219
26467
28725
34846
31666
32473
54283
42774
13813
58220
32320
57715
58149
46339
42759
61553
32589
11090
11141
7112
54875
3200
44023
36290
26491
34918
63459
15358
9379
40036
42411
29867
43514
38101
29012
10918
54665
23682
60250
48155
41670
18850
